---
jobs:
- approxComputeTimeSeconds: 78811
  coreHoursReq: 3145728.0
  coreHoursUsed: 3146492.5822
  coresUsed: 131072
  endTime: '2022-01-17 04:27:53'
  id: 574382
  metaTimeSeconds: 344901.26189200004
  model: RCW
  nodesUsed: 2048
  readBytes: 853015048166
  readTimeSeconds: 4895654.385852001
  runtimeSeconds: 86421
  sleepSimulationSeconds: 12
  startTime: '2022-01-16 04:27:32'
  submissionTime: '2022-01-12 05:04:59'
  waitingTimeSeconds: 343353
  walltimeSeconds: 86400
  writeTimeSeconds: 992099342.2672509
  writtenBytes: 8262813739749
preload:
  duration: 624822
  first_ts: 1642208463
  job_count: 275
  last_ts: 1642833285
  max_interval_s: 15868
  max_nodes_used: 2048
  max_read_tbytes: 148.428529082742
  max_runtime_s: 44445
  max_written_tbytes: 420.013673676061
  mean_cores_used: 12211
  mean_interval_s: 1983
  mean_jobs_per_hour: 1.58
  mean_nodes_used: 190
  mean_read_tbytes: 0.18184650000076738
  mean_runtime_s: 5086
  mean_written_tbytes: 0.8453636726839846
  median_cores_used: 8192
  median_interval_s: 904
  median_nodes_used: 128
  median_read_tbytes: 0.0008243155
  median_runtime_s: 730
  median_written_tbytes: 0.000102785646
  min_interval_s: 1
  min_runtime_s: 20
  var_interval_s: 9560353
  var_nodes_used: 117181
  var_read_tbytes: 11.353191060788243
  var_runtime_s: 84159675
  var_written_tbytes: 78.70769824225884
