---
jobs:
- coreHoursReq: 3145728.0
  coreHoursUsed: 3146492.5822
  coresUsed: 131072
  endTime: '2022-01-17 04:27:53'
  id: 574382
  metaTimeSeconds: 344901.26189200004
  nodesUsed: 2048
  readBytes: 853015048166
  readTimeSeconds: 4895654.385852001
  runs:
  - dEndTime: 1642393607
    dStartTime: 1642308642
    id: 0
    nprocs: 32768
    readBytes: 210314794042
    runtime: 84966
    sleepDelay: 1390
    writtenBytes: 2094096311172
  - dEndTime: 1642393603
    dStartTime: 1642308642
    id: 1
    nprocs: 32768
    readBytes: 212063530040
    runtime: 84962
    sleepDelay: 1390
    writtenBytes: 1940495252910
  - dEndTime: 1642393584
    dStartTime: 1642308642
    id: 2
    nprocs: 32768
    readBytes: 214892669244
    runtime: 84943
    sleepDelay: 1390
    writtenBytes: 2112408549074
  - dEndTime: 1642393507
    dStartTime: 1642308642
    id: 3
    nprocs: 32768
    readBytes: 215744054840
    runtime: 84866
    sleepDelay: 1390
    writtenBytes: 2115813626593
  runsCount: 4
  runtimeSeconds: 86421
  sleepSimulationSeconds: 12
  startTime: '2022-01-16 04:27:32'
  submissionTime: '2022-01-12 05:04:59'
  sum_nprocs: 131072
  waitingTimeSeconds: 343353
  walltimeSeconds: 86400
  writeTimeSeconds: 992099342.2672509
  writtenBytes: 8262813739749
preload:
  duration: 624822
  first_ts: 1642208463
  job_count: 275
  last_ts: 1642833285
  max_interval_s: 15868
  max_nodes_used: 2048
  max_read_tbytes: 148.428529082742
  max_runtime_s: 44445
  max_written_tbytes: 420.013673676061
  mean_cores_used: 12211
  mean_interval_s: 1983
  mean_jobs_per_hour: 1.58
  mean_nodes_used: 190
  mean_read_tbytes: 0.18160548760477516
  mean_runtime_s: 5086
  mean_written_tbytes: 0.8442420513257997
  median_cores_used: 8192
  median_interval_s: 904
  median_nodes_used: 128
  median_read_tbytes: 0.000817204416
  median_runtime_s: 730
  median_written_tbytes: 0.000102373351
  min_interval_s: 1
  min_runtime_s: 20
  var_interval_s: 9560353
  var_nodes_used: 117181
  var_read_tbytes: 11.338167502423794
  var_runtime_s: 84159675
  var_written_tbytes: 78.60418888249407
