---
jobs:
- approxComputeTimeSeconds: 6048
  coreHoursReq: 24576.0
  coreHoursUsed: 13880.8885
  coresUsed: 8192
  endTime: '2022-01-15 02:47:13'
  id: 575159
  metaTimeSeconds: 9431.123744999999
  model: RCW
  nodesUsed: 128
  readBytes: 30402326528
  readTimeSeconds: 3082.628007
  runtimeSeconds: 6050
  sleepSimulationSeconds: 8909
  startTime: '2022-01-15 01:06:23'
  submissionTime: '2022-01-14 19:54:02'
  waitingTimeSeconds: 18741
  walltimeSeconds: 10800
  writeTimeSeconds: 461.392561
  writtenBytes: 13849731611
preload:
  duration: 624822
  first_ts: 1642208463
  job_count: 275
  last_ts: 1642833285
  max_interval_s: 15868
  max_nodes_used: 2048
  max_read_tbytes: 148.428529082742
  max_runtime_s: 44445
  max_written_tbytes: 420.013673676061
  mean_cores_used: 12211
  mean_interval_s: 1983
  mean_jobs_per_hour: 1.58
  mean_nodes_used: 190
  mean_read_tbytes: 0.18184650000076738
  mean_runtime_s: 5086
  mean_written_tbytes: 0.8453636726839846
  median_cores_used: 8192
  median_interval_s: 904
  median_nodes_used: 128
  median_read_tbytes: 0.0008243155
  median_runtime_s: 730
  median_written_tbytes: 0.000102785646
  min_interval_s: 1
  min_runtime_s: 20
  var_interval_s: 9560353
  var_nodes_used: 117181
  var_read_tbytes: 11.353191060788243
  var_runtime_s: 84159675
  var_written_tbytes: 78.70769824225884
